linked_affected_resource,decision_localName
http://rs.rebipp.org.br/ppi/terms/Animal,decision-2022-01-06_1
http://rs.rebipp.org.br/ppi/terms/caste,decision-2022-01-06_1
http://rs.rebipp.org.br/ppi/terms/Plant,decision-2022-01-06_1
http://rs.rebipp.org.br/ppi/terms/antherDehiscenceType,decision-2022-01-06_1
http://rs.rebipp.org.br/ppi/terms/flowerAbundance,decision-2022-01-06_1
http://rs.rebipp.org.br/ppi/terms/floralSymmetry,decision-2022-01-06_1
http://rs.rebipp.org.br/ppi/terms/floralSystem,decision-2022-01-06_1
http://rs.rebipp.org.br/ppi/terms/plantHabit,decision-2022-01-06_1
http://rs.rebipp.org.br/ppi/terms/humanUse,decision-2022-01-06_1
http://rs.rebipp.org.br/ppi/terms/matingSystem,decision-2022-01-06_1
http://rs.rebipp.org.br/ppi/terms/selfIncompatibilityType,decision-2022-01-06_1
http://rs.rebipp.org.br/ppi/terms/apomiticSystemEmbryoOrigin,decision-2022-01-06_1
http://rs.rebipp.org.br/ppi/terms/apomiticSystemFertilization,decision-2022-01-06_1
http://rs.rebipp.org.br/ppi/terms/apomiticSystemReproduction,decision-2022-01-06_1
http://rs.rebipp.org.br/ppi/terms/sexualSystem,decision-2022-01-06_1
http://rs.rebipp.org.br/ppi/terms/Flower,decision-2022-01-06_1
http://rs.rebipp.org.br/ppi/terms/antherPollenGrainsQuantity,decision-2022-01-06_1
http://rs.rebipp.org.br/ppi/terms/stigmaticAreaInSquareMilimiters,decision-2022-01-06_1
http://rs.rebipp.org.br/ppi/terms/styleLengthInMilimiters,decision-2022-01-06_1
http://rs.rebipp.org.br/ppi/terms/coloredFlowerStructure,decision-2022-01-06_1
http://rs.rebipp.org.br/ppi/terms/flowerColor,decision-2022-01-06_1
http://rs.rebipp.org.br/ppi/terms/flowerShape,decision-2022-01-06_1
http://rs.rebipp.org.br/ppi/terms/flowerOrientation,decision-2022-01-06_1
http://rs.rebipp.org.br/ppi/terms/flowerOpeningType,decision-2022-01-06_1
http://rs.rebipp.org.br/ppi/terms/floralAttractants,decision-2022-01-06_1
http://rs.rebipp.org.br/ppi/terms/ovuleQuantity,decision-2022-01-06_1
http://rs.rebipp.org.br/ppi/terms/flowerLongevity,decision-2022-01-06_1
http://rs.rebipp.org.br/ppi/terms/flowerOpeningPeriod,decision-2022-01-06_1
http://rs.rebipp.org.br/ppi/terms/functionalFlowerLifespanInHours,decision-2022-01-06_1
http://rs.rebipp.org.br/ppi/terms/Interaction,decision-2022-01-06_1
http://rs.rebipp.org.br/ppi/terms/visitedFlowerSex,decision-2022-01-06_1
http://rs.rebipp.org.br/ppi/terms/animalPlaceOfContact,decision-2022-01-06_1
http://rs.rebipp.org.br/ppi/terms/nectarCollectingBodyPart,decision-2022-01-06_1
http://rs.rebipp.org.br/ppi/terms/nectarCollectingBodyPartLengthInMilimiters,decision-2022-01-06_1
http://rs.rebipp.org.br/ppi/terms/flowerPlaceOfContact,decision-2022-01-06_1
http://rs.rebipp.org.br/ppi/terms/resourceCollected,decision-2022-01-06_1
http://rs.rebipp.org.br/ppi/terms/visitedFlowersQuantity,decision-2022-01-06_1
http://rs.rebipp.org.br/ppi/terms/ReproductiveSuccess,decision-2022-01-06_1
http://rs.rebipp.org.br/ppi/terms/numberOfRemovedPollenGrains,decision-2022-01-06_1
http://rs.rebipp.org.br/ppi/terms/numberOfConspecificPollenGrains,decision-2022-01-06_1
http://rs.rebipp.org.br/ppi/terms/numberOfHeterospecificPollenGrains,decision-2022-01-06_1
http://rs.rebipp.org.br/ppi/terms/numberOfFertilizedOvules,decision-2022-01-06_1
http://rs.rebipp.org.br/ppi/terms/numberOfPollenTubes,decision-2022-01-06_1
http://rs.rebipp.org.br/ppi/terms/seedMassInMiligrams,decision-2022-01-06_1
http://rs.rebipp.org.br/ppi/terms/seedSet,decision-2022-01-06_1
http://rs.rebipp.org.br/ppi/terms/fruitMassInGrams,decision-2022-01-06_1
http://rs.rebipp.org.br/ppi/terms/fruitSet,decision-2022-01-06_1
http://rs.rebipp.org.br/ppi/terms/numberOfExposedFlowers,decision-2022-01-06_1
http://rs.rebipp.org.br/ppi/terms/NectarDynamics,decision-2022-01-06_1
http://rs.rebipp.org.br/ppi/terms/accumlatedNectarVolumeInMicroliters,decision-2022-01-06_1
http://rs.rebipp.org.br/ppi/terms/accumulatedNectarConcentration,decision-2022-01-06_1
http://rs.rebipp.org.br/ppi/terms/accumulatedNectarHours,decision-2022-01-06_1
http://rs.rebipp.org.br/ppi/terms/accumulatedNectarFlowers,decision-2022-01-06_1
http://rs.rebipp.org.br/ppicv/values/fs,decision-2022-01-06_1
http://rs.rebipp.org.br/ppicv/values/fs001,decision-2022-01-06_1
http://rs.rebipp.org.br/ppicv/values/fs002,decision-2022-01-06_1
http://rs.rebipp.org.br/ppicv/values/fs003,decision-2022-01-06_1
http://rs.rebipp.org.br/ppicv/values/fs004,decision-2022-01-06_1
http://rs.rebipp.org.br/ppicv/values/fs005,decision-2022-01-06_1
http://rs.rebipp.org.br/ppicv/values/fs007,decision-2022-01-06_1
http://rs.rebipp.org.br/ppicv/values/fo,decision-2022-01-06_1
http://rs.rebipp.org.br/ppicv/values/fo001,decision-2022-01-06_1
http://rs.rebipp.org.br/ppicv/values/fo002,decision-2022-01-06_1
http://rs.rebipp.org.br/ppicv/values/fo003,decision-2022-01-06_1
http://rs.rebipp.org.br/ppicv/values/adt,decision-2022-01-06_1
http://rs.rebipp.org.br/ppicv/values/adt001,decision-2022-01-06_1
http://rs.rebipp.org.br/ppicv/values/adt002,decision-2022-01-06_1
http://rs.rebipp.org.br/ppicv/values/adt003,decision-2022-01-06_1
http://rs.rebipp.org.br/ppicv/values/adt004,decision-2022-01-06_1
http://rs.rebipp.org.br/ppicv/values/aeo,decision-2022-01-06_1
http://rs.rebipp.org.br/ppicv/values/aeo001,decision-2022-01-06_1
http://rs.rebipp.org.br/ppicv/values/aeo002,decision-2022-01-06_1
http://rs.rebipp.org.br/ppicv/values/asf,decision-2022-01-06_1
http://rs.rebipp.org.br/ppicv/values/asf001,decision-2022-01-06_1
http://rs.rebipp.org.br/ppicv/values/asd002,decision-2022-01-06_1
http://rs.rebipp.org.br/ppicv/values/asr,decision-2022-01-06_1
http://rs.rebipp.org.br/ppicv/values/asr001,decision-2022-01-06_1
http://rs.rebipp.org.br/ppicv/values/asr002,decision-2022-01-06_1
http://rs.rebipp.org.br/ppicv/values/ms,decision-2022-01-06_1
http://rs.rebipp.org.br/ppicv/values/ms001,decision-2022-01-06_1
http://rs.rebipp.org.br/ppicv/values/ms002,decision-2022-01-06_1
http://rs.rebipp.org.br/ppicv/values/ms003,decision-2022-01-06_1
http://rs.rebipp.org.br/ppicv/values/ss,decision-2022-01-06_1
http://rs.rebipp.org.br/ppicv/values/ss001,decision-2022-01-06_1
http://rs.rebipp.org.br/ppicv/values/ss002,decision-2022-01-06_1
http://rs.rebipp.org.br/ppicv/values/ss003,decision-2022-01-06_1
http://rs.rebipp.org.br/ppicv/values/ss004,decision-2022-01-06_1
http://rs.rebipp.org.br/ppicv/values/ss005,decision-2022-01-06_1
http://rs.rebipp.org.br/ppicv/values/ss006,decision-2022-01-06_1
http://rs.rebipp.org.br/ppicv/values/ss007,decision-2022-01-06_1
http://rs.rebipp.org.br/ppicv/values/ss008,decision-2022-01-06_1
http://rs.rebipp.org.br/ppicv/values/fa,decision-2022-01-06_1
http://rs.rebipp.org.br/ppicv/values/fa001,decision-2022-01-06_1
http://rs.rebipp.org.br/ppicv/values/fa002,decision-2022-01-06_1
http://rs.rebipp.org.br/ppicv/values/fa003,decision-2022-01-06_1
http://rs.rebipp.org.br/ppicv/values/fa004,decision-2022-01-06_1
http://rs.rebipp.org.br/ppicv/values/fsy,decision-2022-01-06_1
http://rs.rebipp.org.br/ppicv/values/fsy001,decision-2022-01-06_1
http://rs.rebipp.org.br/ppicv/values/fsy002,decision-2022-01-06_1
http://rs.rebipp.org.br/ppicv/values/fsy003,decision-2022-01-06_1
http://rs.rebipp.org.br/ppicv/values/fsy004,decision-2022-01-06_1
http://rs.rebipp.org.br/ppicv/values/fsy005,decision-2022-01-06_1
http://rs.rebipp.org.br/ppicv/values/fsy006,decision-2022-01-06_1
http://rs.rebipp.org.br/ppicv/values/fsy007,decision-2022-01-06_1
http://rs.rebipp.org.br/ppicv/values/fsy008,decision-2022-01-06_1
http://rs.rebipp.org.br/ppicv/values/fsy009,decision-2022-01-06_1
http://rs.rebipp.org.br/ppicv/values/fsy010,decision-2022-01-06_1
http://rs.rebipp.org.br/ppicv/values/fsy011,decision-2022-01-06_1
http://rs.rebipp.org.br/ppicv/values/si,decision-2022-01-06_1
http://rs.rebipp.org.br/ppicv/values/si001,decision-2022-01-06_1
http://rs.rebipp.org.br/ppicv/values/si002,decision-2022-01-06_1
http://rs.rebipp.org.br/ppicv/values/si003,decision-2022-01-06_1
http://rs.rebipp.org.br/ppicv/values/si004,decision-2022-01-06_1